C45 letter-recognition.data.csv: 


Threshold = 0.05
Number of folds = 0
     C U  C D  C P  C T  C M  C A  C X  C Y  C N  C Q  C F  C G  C E  C B  C V  C L  C R  C I  C O  C W  C S  C J  C K  C C  C H  C Z
A U   70   48    3   96   19    4    0   20  111  147    0    0   18   37   50   42    4   16    0   69   29    8    0   22    0    0
A D   21   61   58   95   11   13    0    3   36  137    0    0   15  260    0   15   11   10    0   38   14    7    0    0    0    0
A P    6   40  289   69    6   22    1    0   37  124    0    6    9   85    6    0    0   18    0   18    0   22    0   33    0   12
A T    0   43    7  250    6   10    0   58   89  138    0    0   14   55    0    0    2   40    0   34   10   21    0    0    0   19
A M   20   48    3   79  183   47    0    9   57  141    0    1   13   51    7    3   16   18    0   84    2    1    0    9    0    0
A A   13   43    0   79   54  334    0   14   48  111    0    0   12    9    0   41    3   18    0    6    2    2    0    0    0    0
A X    3   48    5   71   21   16   55   46   32  147    0    0   19  177    4    0   26   33    0   45   34    5    0    0    0    0
A Y    9   44    3  148   30    5    3  104   59  163    0    9    9    8   48   16    0   42    0   56   21    3    0    4    0    2
A N    5   34    9   88   18   21    0    8  205  123    0    0   19   44   19   25   15    6    0   84   28    6    0   26    0    0
A Q   57   48    4   25   11   34    0    0   62  262    0   18    0  126    2   66    3    4    0    8   53    0    0    0    0    0
A F    4   41   37  118   60    2   12    1   30  124   99    0   14  102   10   16    0   26    0   75    0    0    0    3    0    1
A G   31   59    9   54    3   11    0    0   43  136    0   38   10  295    1   14    2    9    0    6   27    2    0    0    0   23
A E    5   42    7   77    5    3   15    2   34  125    0    4   23  253   70    2    3   15    0   29    5   36    0    0    0   13
A B   16   34    8   67   10    6    0    1   41  145    0    0   20  341    0    1   23   13    0   23    0   17    0    0    0    0
A V   12   35   15   47   20    8    0   42   97  126    1   30   15   57   87    2    0   13    0   95   23    0    0   39    0    0
A L   34   20    6   37   12   78    0    0   39   64    0    0   10   48    0  377    0   15    0   10   10    1    0    0    0    0
A R   10   46   13   81   40    8    0    0   35  139    0    0    8  221    0    0  106   14    0   20    5   12    0    0    0    0
A I   24   20   11   20    0   12    2    3   32   52    0    0    9   49    0   11    1  420    0    6    0   49    0    0    0   34
A O   26   37    5   61   11    0    0    0   35  128    0   20   17  341   14    6    1   13    0   24    2    9    0    3    0    0
A W    7   42   12  101    9    2    0    2   79  124   17   19    9   34   35    1    1   14    0  197   19    0    0   28    0    0
A S   25   37    1   75    6   37    0    7   47  118    0    0   14  202    0   16   26    9    0   24   84   18    0    0    0    2
A J   37   43    4   65   10   58    0    7   63  131    0    2   13   60    0   22    5   78    0   40    0   63    0    0    0   46
A K   17   44   10   57   24   13   50    5   29  120    0    0   13  161   68    1   33   16    0   35    4    4    0   35    0    0
A C    7   51    5   59    5    0    0    6   41  111    0    2   19  195   27    1    2   10    0   23   19   10    0   55    0   88
A H   17   49   19   61    6   15    0    0   24  136    0    4   12  232    2    2   23   23    0  101    1    6    0    1    0    0
A Z   29   53    5   90   10   10    0    4   33  140    0    0   13   55    0    8    3    8    0   34    0   13    0    0    0  226
Totals: 
Overall Accuracy:  0.19645
Individual accuracies:  [0.19645]
Average accuracy:  0.19645
Time= 168.140473309s


Threshold = 0.05
Number of folds = 1
     C U  C D  C P  C T  C M  C A  C X  C Y  C N  C Q  C F  C G  C E  C B  C V  C L  C R  C I  C O  C W  C S  C J  C K  C C  C H  C Z
A U   70   48    3   96   19    4    0   20  111  147    0    0   18   37   50   42    4   16    0   69   29    8    0   22    0    0
A D   21   61   58   95   11   13    0    3   36  137    0    0   15  260    0   15   11   10    0   38   14    7    0    0    0    0
A P    6   40  289   69    6   22    1    0   37  124    0    6    9   85    6    0    0   18    0   18    0   22    0   33    0   12
A T    0   43    7  250    6   10    0   58   89  138    0    0   14   55    0    0    2   40    0   34   10   21    0    0    0   19
A M   20   48    3   79  183   47    0    9   57  141    0    1   13   51    7    3   16   18    0   84    2    1    0    9    0    0
A A   13   43    0   79   54  334    0   14   48  111    0    0   12    9    0   41    3   18    0    6    2    2    0    0    0    0
A X    3   48    5   71   21   16   55   46   32  147    0    0   19  177    4    0   26   33    0   45   34    5    0    0    0    0
A Y    9   44    3  148   30    5    3  104   59  163    0    9    9    8   48   16    0   42    0   56   21    3    0    4    0    2
A N    5   34    9   88   18   21    0    8  205  123    0    0   19   44   19   25   15    6    0   84   28    6    0   26    0    0
A Q   57   48    4   25   11   34    0    0   62  262    0   18    0  126    2   66    3    4    0    8   53    0    0    0    0    0
A F    4   41   37  118   60    2   12    1   30  124   99    0   14  102   10   16    0   26    0   75    0    0    0    3    0    1
A G   31   59    9   54    3   11    0    0   43  136    0   38   10  295    1   14    2    9    0    6   27    2    0    0    0   23
A E    5   42    7   77    5    3   15    2   34  125    0    4   23  253   70    2    3   15    0   29    5   36    0    0    0   13
A B   16   34    8   67   10    6    0    1   41  145    0    0   20  341    0    1   23   13    0   23    0   17    0    0    0    0
A V   12   35   15   47   20    8    0   42   97  126    1   30   15   57   87    2    0   13    0   95   23    0    0   39    0    0
A L   34   20    6   37   12   78    0    0   39   64    0    0   10   48    0  377    0   15    0   10   10    1    0    0    0    0
A R   10   46   13   81   40    8    0    0   35  139    0    0    8  221    0    0  106   14    0   20    5   12    0    0    0    0
A I   24   20   11   20    0   12    2    3   32   52    0    0    9   49    0   11    1  420    0    6    0   49    0    0    0   34
A O   26   37    5   61   11    0    0    0   35  128    0   20   17  341   14    6    1   13    0   24    2    9    0    3    0    0
A W    7   42   12  101    9    2    0    2   79  124   17   19    9   34   35    1    1   14    0  197   19    0    0   28    0    0
A S   25   37    1   75    6   37    0    7   47  118    0    0   14  202    0   16   26    9    0   24   84   18    0    0    0    2
A J   37   43    4   65   10   58    0    7   63  131    0    2   13   60    0   22    5   78    0   40    0   63    0    0    0   46
A K   17   44   10   57   24   13   50    5   29  120    0    0   13  161   68    1   33   16    0   35    4    4    0   35    0    0
A C    7   51    5   59    5    0    0    6   41  111    0    2   19  195   27    1    2   10    0   23   19   10    0   55    0   88
A H   17   49   19   61    6   15    0    0   24  136    0    4   12  232    2    2   23   23    0  101    1    6    0    1    0    0
A Z   29   53    5   90   10   10    0    4   33  140    0    0   13   55    0    8    3    8    0   34    0   13    0    0    0  226
Totals: 
Overall Accuracy:  0.19645
Individual accuracies:  [0.19645]
Average accuracy:  0.19645
Time= 172.073031257s


Threshold = 0.05
Number of folds = 3
     C U  C D  C P  C T  C M  C A  C X  C Y  C N  C Q  C F  C G  C E  C B  C V  C L  C R  C I  C O  C W  C S  C J  C K  C C  C H  C Z
A U   70   48    3   96   19    4    0   20  111  147    0    0   18   37   50   42    4   16    0   69   29    8    0   22    0    0
A D   21   61   58   95   11   13    0    3   36  137    0    0   15  260    0   15   11   10    0   38   14    7    0    0    0    0
A P    6   40  289   69    6   22    1    0   37  124    0    6    9   85    6    0    0   18    0   18    0   22    0   33    0   12
A T    0   43    7  250    6   10    0   58   89  138    0    0   14   55    0    0    2   40    0   34   10   21    0    0    0   19
A M   20   48    3   79  183   47    0    9   57  141    0    1   13   51    7    3   16   18    0   84    2    1    0    9    0    0
A A   13   43    0   79   54  334    0   14   48  111    0    0   12    9    0   41    3   18    0    6    2    2    0    0    0    0
A X    3   48    5   71   21   16   55   46   32  147    0    0   19  177    4    0   26   33    0   45   34    5    0    0    0    0
A Y    9   44    3  148   30    5    3  104   59  163    0    9    9    8   48   16    0   42    0   56   21    3    0    4    0    2
A N    5   34    9   88   18   21    0    8  205  123    0    0   19   44   19   25   15    6    0   84   28    6    0   26    0    0
A Q   57   48    4   25   11   34    0    0   62  262    0   18    0  126    2   66    3    4    0    8   53    0    0    0    0    0
A F    4   41   37  118   60    2   12    1   30  124   99    0   14  102   10   16    0   26    0   75    0    0    0    3    0    1
A G   31   59    9   54    3   11    0    0   43  136    0   38   10  295    1   14    2    9    0    6   27    2    0    0    0   23
A E    5   42    7   77    5    3   15    2   34  125    0    4   23  253   70    2    3   15    0   29    5   36    0    0    0   13
A B   16   34    8   67   10    6    0    1   41  145    0    0   20  341    0    1   23   13    0   23    0   17    0    0    0    0
A V   12   35   15   47   20    8    0   42   97  126    1   30   15   57   87    2    0   13    0   95   23    0    0   39    0    0
A L   34   20    6   37   12   78    0    0   39   64    0    0   10   48    0  377    0   15    0   10   10    1    0    0    0    0
A R   10   46   13   81   40    8    0    0   35  139    0    0    8  221    0    0  106   14    0   20    5   12    0    0    0    0
A I   24   20   11   20    0   12    2    3   32   52    0    0    9   49    0   11    1  420    0    6    0   49    0    0    0   34
A O   26   37    5   61   11    0    0    0   35  128    0   20   17  341   14    6    1   13    0   24    2    9    0    3    0    0
A W    7   42   12  101    9    2    0    2   79  124   17   19    9   34   35    1    1   14    0  197   19    0    0   28    0    0
A S   25   37    1   75    6   37    0    7   47  118    0    0   14  202    0   16   26    9    0   24   84   18    0    0    0    2
A J   37   43    4   65   10   58    0    7   63  131    0    2   13   60    0   22    5   78    0   40    0   63    0    0    0   46
A K   17   44   10   57   24   13   50    5   29  120    0    0   13  161   68    1   33   16    0   35    4    4    0   35    0    0
A C    7   51    5   59    5    0    0    6   41  111    0    2   19  195   27    1    2   10    0   23   19   10    0   55    0   88
A H   17   49   19   61    6   15    0    0   24  136    0    4   12  232    2    2   23   23    0  101    1    6    0    1    0    0
A Z   29   53    5   90   10   10    0    4   33  140    0    0   13   55    0    8    3    8    0   34    0   13    0    0    0  226
Totals: 
Overall Accuracy:  0.164
Individual accuracies:  [0.0991, 0.19645, 0.19645]
Average accuracy:  0.164
Time= 434.099048188s


Threshold = 0.05
Number of folds = 5


C45 letter-recognition.data.csv: 


Threshold = 0.1
Number of folds = 0
     C U  C D  C P  C T  C M  C A  C X  C Y  C N  C Q  C F  C G  C E  C B  C V  C L  C R  C I  C O  C W  C S  C J  C K  C C  C Z  C H
A U   70   48    3   96   19    4    0   20  111  147    0    0   18   37   50   42    4   16    0   69   29    8    0   22    0    0
A D   21   61   58   95   11   13    0    3   36  137    0    0   15  260    0   15   11   10    0   38   14    7    0    0    0    0
A P    6   40  289   69    6   22    1    0   37  124    0    6    9   91    6    0    0   18    0   18    0   22    0   33    6    0
A T    0   43    7  250    6   10    0   58   89  138    0    0   14   55    0    0    2   40    0   34   10   21    0    0   19    0
A M   20   48    3   79  183   47    0    9   57  141    0    1   13   51    7    3   16   18    0   84    2    1    0    9    0    0
A A   13   43    0   79   54  334    0   14   48  111    0    0   12    9    0   41    3   18    0    6    2    2    0    0    0    0
A X    3   48    5   71   21   16   55   46   32  147    0    0   19  177    4    0   26   33    0   45   34    5    0    0    0    0
A Y    9   44    3  148   30    5    3  104   59  163    0    9    9    8   48   16    0   42    0   56   21    3    0    4    2    0
A N    5   34    9   88   18   21    0    8  205  123    0    0   19   44   19   25   15    6    0   84   28    6    0   26    0    0
A Q   57   48    4   25   11   34    0    0   62  262    0   18    0  126    2   66    3    4    0    8   53    0    0    0    0    0
A F    4   41   37  118   60    2   12    1   30  124   99    0   14  103   10   16    0   26    0   75    0    0    0    3    0    0
A G   31   59    9   54    3   11    0    0   43  136    0   38   10  318    1   14    2    9    0    6   27    2    0    0    0    0
A E    5   42    7   77    5    3   15    2   34  125    0    4   23  266   70    2    3   15    0   29    5   36    0    0    0    0
A B   16   34    8   67   10    6    0    1   41  145    0    0   20  341    0    1   23   13    0   23    0   17    0    0    0    0
A V   12   35   15   47   20    8    0   42   97  126    1   30   15   57   87    2    0   13    0   95   23    0    0   39    0    0
A L   34   20    6   37   12   78    0    0   39   64    0    0   10   48    0  377    0   15    0   10   10    1    0    0    0    0
A R   10   46   13   81   40    8    0    0   35  139    0    0    8  221    0    0  106   14    0   20    5   12    0    0    0    0
A I   24   20   11   20    0   12    2    3   32   52    0    0    9   52    0   11    1  420    0    6    0   49    0    0   31    0
A O   26   37    5   61   11    0    0    0   35  128    0   20   17  341   14    6    1   13    0   24    2    9    0    3    0    0
A W    7   42   12  101    9    2    0    2   79  124   17   19    9   34   35    1    1   14    0  197   19    0    0   28    0    0
A S   25   37    1   75    6   37    0    7   47  118    0    0   14  202    0   16   26    9    0   24   84   18    0    0    2    0
A J   37   43    4   65   10   58    0    7   63  131    0    2   13   61    0   22    5   78    0   40    0   63    0    0   45    0
A K   17   44   10   57   24   13   50    5   29  120    0    0   13  161   68    1   33   16    0   35    4    4    0   35    0    0
A C    7   51    5   59    5    0    0    6   41  111    0    2   19  283   27    1    2   10    0   23   19   10    0   55    0    0
A Z   29   53    5   90   10   10    0    4   33  140    0    0   13  178    0    8    3    8    0   34    0   13    0    0  103    0
A H   17   49   19   61    6   15    0    0   24  136    0    4   12  232    2    2   23   23    0  101    1    6    0    1    0    0
Totals: 
Overall Accuracy:  0.1903
Individual accuracies:  [0.1903]
Average accuracy:  0.1903
Time= 167.845409207s


C45 letter-recognition.data.csv: 


Threshold = 0.2
Number of folds = 0
     C U  C D  C P  C T  C M  C A  C X  C Y  C N  C Q  C F  C G  C E  C B  C V  C L  C R  C I  C O  C W  C S  C J  C K  C C  C Z  C H
A U   70   48    3   96   19    4    0   20  111  147    0    0   18   37   50   42    4   16    0   69   29    8    0   22    0    0
A D   21   61   58   95   11   13    0    3   36  137    0    0   15  260    0   15   11   10    0   38   14    7    0    0    0    0
A P    6   40  289   69    6   22    1    0   37  124    0    6    9   91    6    0    0   18    0   18    0   22    0   33    6    0
A T    0   43    7  250    6   10    0   58   89  138    0    0   14   55    0    0    2   40    0   34   10   21    0    0   19    0
A M   20   48    3   79  183   47    0    9   57  141    0    1   13   51    7    3   16   18    0   84    2    1    0    9    0    0
A A   13   43    0   79   54  334    0   14   48  111    0    0   12    9    0   41    3   18    0    6    2    2    0    0    0    0
A X    3   48    5   71   21   16   55   46   32  147    0    0   19  177    4    0   26   33    0   45   34    5    0    0    0    0
A Y    9   44    3  148   30    5    3  104   59  163    0    9    9    8   48   16    0   42    0   56   21    3    0    4    2    0
A N    5   34    9   88   18   21    0    8  205  123    0    0   19   44   19   25   15    6    0   84   28    6    0   26    0    0
A Q   57   48    4   25   11   34    0    0   62  262    0   18    0  126    2   66    3    4    0    8   53    0    0    0    0    0
A F    4   41   37  118   60    2   12    1   30  124   99    0   14  103   10   16    0   26    0   75    0    0    0    3    0    0
A G   31   59    9   54    3   11    0    0   43  136    0   38   10  318    1   14    2    9    0    6   27    2    0    0    0    0
A E    5   42    7   77    5    3   15    2   34  125    0    4   23  266   70    2    3   15    0   29    5   36    0    0    0    0
A B   16   34    8   67   10    6    0    1   41  145    0    0   20  341    0    1   23   13    0   23    0   17    0    0    0    0
A V   12   35   15   47   20    8    0   42   97  126    1   30   15   57   87    2    0   13    0   95   23    0    0   39    0    0
A L   34   20    6   37   12   78    0    0   39   64    0    0   10   48    0  377    0   15    0   10   10    1    0    0    0    0
A R   10   46   13   81   40    8    0    0   35  139    0    0    8  221    0    0  106   14    0   20    5   12    0    0    0    0
A I   24   20   11   20    0   12    2    3   32   52    0    0    9   52    0   11    1  420    0    6    0   49    0    0   31    0
A O   26   37    5   61   11    0    0    0   35  128    0   20   17  341   14    6    1   13    0   24    2    9    0    3    0    0
A W    7   42   12  101    9    2    0    2   79  124   17   19    9   34   35    1    1   14    0  197   19    0    0   28    0    0
A S   25   37    1   75    6   37    0    7   47  118    0    0   14  202    0   16   26    9    0   24   84   18    0    0    2    0
A J   37   43    4   65   10   58    0    7   63  131    0    2   13   61    0   22    5   78    0   40    0   63    0    0   45    0
A K   17   44   10   57   24   13   50    5   29  120    0    0   13  161   68    1   33   16    0   35    4    4    0   35    0    0
A C    7   51    5   59    5    0    0    6   41  111    0    2   19  283   27    1    2   10    0   23   19   10    0   55    0    0
A Z   29   53    5   90   10   10    0    4   33  140    0    0   13  178    0    8    3    8    0   34    0   13    0    0  103    0
A H   17   49   19   61    6   15    0    0   24  136    0    4   12  232    2    2   23   23    0  101    1    6    0    1    0    0
Totals: 
Overall Accuracy:  0.1903
Individual accuracies:  [0.1903]
Average accuracy:  0.1903
Time= 167.35762184499998s


Threshold = 0.2
Number of folds = 1
     C U  C D  C P  C T  C M  C A  C X  C Y  C N  C Q  C F  C G  C E  C B  C V  C L  C R  C I  C O  C W  C S  C J  C K  C C  C Z  C H
A U   70   48    3   96   19    4    0   20  111  147    0    0   18   37   50   42    4   16    0   69   29    8    0   22    0    0
A D   21   61   58   95   11   13    0    3   36  137    0    0   15  260    0   15   11   10    0   38   14    7    0    0    0    0
A P    6   40  289   69    6   22    1    0   37  124    0    6    9   91    6    0    0   18    0   18    0   22    0   33    6    0
A T    0   43    7  250    6   10    0   58   89  138    0    0   14   55    0    0    2   40    0   34   10   21    0    0   19    0
A M   20   48    3   79  183   47    0    9   57  141    0    1   13   51    7    3   16   18    0   84    2    1    0    9    0    0
A A   13   43    0   79   54  334    0   14   48  111    0    0   12    9    0   41    3   18    0    6    2    2    0    0    0    0
A X    3   48    5   71   21   16   55   46   32  147    0    0   19  177    4    0   26   33    0   45   34    5    0    0    0    0
A Y    9   44    3  148   30    5    3  104   59  163    0    9    9    8   48   16    0   42    0   56   21    3    0    4    2    0
A N    5   34    9   88   18   21    0    8  205  123    0    0   19   44   19   25   15    6    0   84   28    6    0   26    0    0
A Q   57   48    4   25   11   34    0    0   62  262    0   18    0  126    2   66    3    4    0    8   53    0    0    0    0    0
A F    4   41   37  118   60    2   12    1   30  124   99    0   14  103   10   16    0   26    0   75    0    0    0    3    0    0
A G   31   59    9   54    3   11    0    0   43  136    0   38   10  318    1   14    2    9    0    6   27    2    0    0    0    0
A E    5   42    7   77    5    3   15    2   34  125    0    4   23  266   70    2    3   15    0   29    5   36    0    0    0    0
A B   16   34    8   67   10    6    0    1   41  145    0    0   20  341    0    1   23   13    0   23    0   17    0    0    0    0
A V   12   35   15   47   20    8    0   42   97  126    1   30   15   57   87    2    0   13    0   95   23    0    0   39    0    0
A L   34   20    6   37   12   78    0    0   39   64    0    0   10   48    0  377    0   15    0   10   10    1    0    0    0    0
A R   10   46   13   81   40    8    0    0   35  139    0    0    8  221    0    0  106   14    0   20    5   12    0    0    0    0
A I   24   20   11   20    0   12    2    3   32   52    0    0    9   52    0   11    1  420    0    6    0   49    0    0   31    0
A O   26   37    5   61   11    0    0    0   35  128    0   20   17  341   14    6    1   13    0   24    2    9    0    3    0    0
A W    7   42   12  101    9    2    0    2   79  124   17   19    9   34   35    1    1   14    0  197   19    0    0   28    0    0
A S   25   37    1   75    6   37    0    7   47  118    0    0   14  202    0   16   26    9    0   24   84   18    0    0    2    0
A J   37   43    4   65   10   58    0    7   63  131    0    2   13   61    0   22    5   78    0   40    0   63    0    0   45    0
A K   17   44   10   57   24   13   50    5   29  120    0    0   13  161   68    1   33   16    0   35    4    4    0   35    0    0
A C    7   51    5   59    5    0    0    6   41  111    0    2   19  283   27    1    2   10    0   23   19   10    0   55    0    0
A Z   29   53    5   90   10   10    0    4   33  140    0    0   13  178    0    8    3    8    0   34    0   13    0    0  103    0
A H   17   49   19   61    6   15    0    0   24  136    0    4   12  232    2    2   23   23    0  101    1    6    0    1    0    0
Totals: 
Overall Accuracy:  0.1903
Individual accuracies:  [0.1903]
Average accuracy:  0.1903
Time= 167.054359771s


Threshold = 0.2
Number of folds = 3
     C U  C D  C P  C T  C M  C A  C X  C Y  C N  C Q  C F  C G  C E  C B  C V  C L  C R  C I  C O  C W  C S  C J  C K  C C  C Z  C H
A U   70   48    3   96   19    4    0   20  111  147    0    0   18   37   50   42    4   16    0   69   29    8    0   22    0    0
A D   21   61   58   95   11   13    0    3   36  137    0    0   15  260    0   15   11   10    0   38   14    7    0    0    0    0
A P    6   40  289   69    6   22    1    0   37  124    0    6    9   91    6    0    0   18    0   18    0   22    0   33    6    0
A T    0   43    7  250    6   10    0   58   89  138    0    0   14   55    0    0    2   40    0   34   10   21    0    0   19    0
A M   20   48    3   79  183   47    0    9   57  141    0    1   13   51    7    3   16   18    0   84    2    1    0    9    0    0
A A   13   43    0   79   54  334    0   14   48  111    0    0   12    9    0   41    3   18    0    6    2    2    0    0    0    0
A X    3   48    5   71   21   16   55   46   32  147    0    0   19  177    4    0   26   33    0   45   34    5    0    0    0    0
A Y    9   44    3  148   30    5    3  104   59  163    0    9    9    8   48   16    0   42    0   56   21    3    0    4    2    0
A N    5   34    9   88   18   21    0    8  205  123    0    0   19   44   19   25   15    6    0   84   28    6    0   26    0    0
A Q   57   48    4   25   11   34    0    0   62  262    0   18    0  126    2   66    3    4    0    8   53    0    0    0    0    0
A F    4   41   37  118   60    2   12    1   30  124   99    0   14  103   10   16    0   26    0   75    0    0    0    3    0    0
A G   31   59    9   54    3   11    0    0   43  136    0   38   10  318    1   14    2    9    0    6   27    2    0    0    0    0
A E    5   42    7   77    5    3   15    2   34  125    0    4   23  266   70    2    3   15    0   29    5   36    0    0    0    0
A B   16   34    8   67   10    6    0    1   41  145    0    0   20  341    0    1   23   13    0   23    0   17    0    0    0    0
A V   12   35   15   47   20    8    0   42   97  126    1   30   15   57   87    2    0   13    0   95   23    0    0   39    0    0
A L   34   20    6   37   12   78    0    0   39   64    0    0   10   48    0  377    0   15    0   10   10    1    0    0    0    0
A R   10   46   13   81   40    8    0    0   35  139    0    0    8  221    0    0  106   14    0   20    5   12    0    0    0    0
A I   24   20   11   20    0   12    2    3   32   52    0    0    9   52    0   11    1  420    0    6    0   49    0    0   31    0
A O   26   37    5   61   11    0    0    0   35  128    0   20   17  341   14    6    1   13    0   24    2    9    0    3    0    0
A W    7   42   12  101    9    2    0    2   79  124   17   19    9   34   35    1    1   14    0  197   19    0    0   28    0    0
A S   25   37    1   75    6   37    0    7   47  118    0    0   14  202    0   16   26    9    0   24   84   18    0    0    2    0
A J   37   43    4   65   10   58    0    7   63  131    0    2   13   61    0   22    5   78    0   40    0   63    0    0   45    0
A K   17   44   10   57   24   13   50    5   29  120    0    0   13  161   68    1   33   16    0   35    4    4    0   35    0    0
A C    7   51    5   59    5    0    0    6   41  111    0    2   19  283   27    1    2   10    0   23   19   10    0   55    0    0
A Z   29   53    5   90   10   10    0    4   33  140    0    0   13  178    0    8    3    8    0   34    0   13    0    0  103    0
A H   17   49   19   61    6   15    0    0   24  136    0    4   12  232    2    2   23   23    0  101    1    6    0    1    0    0
Totals: 
Overall Accuracy:  0.17685
Individual accuracies:  [0.14995, 0.1903, 0.1903]
Average accuracy:  0.17684999999999998
Time= 437.068196427s


Threshold = 0.2
Number of folds = 5
     C U  C D  C P  C T  C M  C A  C X  C Y  C N  C Q  C F  C G  C E  C B  C V  C L  C R  C I  C O  C W  C S  C J  C K  C C  C Z  C H
A U   70   48    3   96   19    4    0   20  111  147    0    0   18   37   50   42    4   16    0   69   29    8    0   22    0    0
A D   21   61   58   95   11   13    0    3   36  137    0    0   15  260    0   15   11   10    0   38   14    7    0    0    0    0
A P    6   40  289   69    6   22    1    0   37  124    0    6    9   91    6    0    0   18    0   18    0   22    0   33    6    0
A T    0   43    7  250    6   10    0   58   89  138    0    0   14   55    0    0    2   40    0   34   10   21    0    0   19    0
A M   20   48    3   79  183   47    0    9   57  141    0    1   13   51    7    3   16   18    0   84    2    1    0    9    0    0
A A   13   43    0   79   54  334    0   14   48  111    0    0   12    9    0   41    3   18    0    6    2    2    0    0    0    0
A X    3   48    5   71   21   16   55   46   32  147    0    0   19  177    4    0   26   33    0   45   34    5    0    0    0    0
A Y    9   44    3  148   30    5    3  104   59  163    0    9    9    8   48   16    0   42    0   56   21    3    0    4    2    0
A N    5   34    9   88   18   21    0    8  205  123    0    0   19   44   19   25   15    6    0   84   28    6    0   26    0    0
A Q   57   48    4   25   11   34    0    0   62  262    0   18    0  126    2   66    3    4    0    8   53    0    0    0    0    0
A F    4   41   37  118   60    2   12    1   30  124   99    0   14  103   10   16    0   26    0   75    0    0    0    3    0    0
A G   31   59    9   54    3   11    0    0   43  136    0   38   10  318    1   14    2    9    0    6   27    2    0    0    0    0
A E    5   42    7   77    5    3   15    2   34  125    0    4   23  266   70    2    3   15    0   29    5   36    0    0    0    0
A B   16   34    8   67   10    6    0    1   41  145    0    0   20  341    0    1   23   13    0   23    0   17    0    0    0    0
A V   12   35   15   47   20    8    0   42   97  126    1   30   15   57   87    2    0   13    0   95   23    0    0   39    0    0
A L   34   20    6   37   12   78    0    0   39   64    0    0   10   48    0  377    0   15    0   10   10    1    0    0    0    0
A R   10   46   13   81   40    8    0    0   35  139    0    0    8  221    0    0  106   14    0   20    5   12    0    0    0    0
A I   24   20   11   20    0   12    2    3   32   52    0    0    9   52    0   11    1  420    0    6    0   49    0    0   31    0
A O   26   37    5   61   11    0    0    0   35  128    0   20   17  341   14    6    1   13    0   24    2    9    0    3    0    0
A W    7   42   12  101    9    2    0    2   79  124   17   19    9   34   35    1    1   14    0  197   19    0    0   28    0    0
A S   25   37    1   75    6   37    0    7   47  118    0    0   14  202    0   16   26    9    0   24   84   18    0    0    2    0
A J   37   43    4   65   10   58    0    7   63  131    0    2   13   61    0   22    5   78    0   40    0   63    0    0   45    0
A K   17   44   10   57   24   13   50    5   29  120    0    0   13  161   68    1   33   16    0   35    4    4    0   35    0    0
A C    7   51    5   59    5    0    0    6   41  111    0    2   19  283   27    1    2   10    0   23   19   10    0   55    0    0
A Z   29   53    5   90   10   10    0    4   33  140    0    0   13  178    0    8    3    8    0   34    0   13    0    0  103    0
A H   17   49   19   61    6   15    0    0   24  136    0    4   12  232    2    2   23   23    0  101    1    6    0    1    0    0
Totals: 
Overall Accuracy:  0.18277
Individual accuracies:  [0.15265, 0.1903, 0.1903, 0.1903, 0.1903]
Average accuracy:  0.18277000000000002
Time= 738.404135929s
