Threshold = 0.1
Number of folds = 0
       C 6.0  C 5.0  C 7.0  C 8.0  C 4.0  C 3.0  C 9.0
A 6.0   2198      0      0      0      0      0      0
A 5.0   1457      0      0      0      0      0      0
A 7.0    880      0      0      0      0      0      0
A 8.0    175      0      0      0      0      0      0
A 4.0    163      0      0      0      0      0      0
A 3.0     20      0      0      0      0      0      0
A 9.0      5      0      0      0      0      0      0
Totals: 
Overall Accuracy:  0.44875459371171905
Individual accuracies:  [0.44875459371171905]
Average accuracy:  0.44875459371171905
Time= 18.442327828s


Threshold = 0.1
Number of folds = 1
       C 6.0  C 5.0  C 7.0  C 8.0  C 4.0  C 3.0  C 9.0
A 6.0   2198      0      0      0      0      0      0
A 5.0   1457      0      0      0      0      0      0
A 7.0    880      0      0      0      0      0      0
A 8.0    175      0      0      0      0      0      0
A 4.0    163      0      0      0      0      0      0
A 3.0     20      0      0      0      0      0      0
A 9.0      5      0      0      0      0      0      0
Totals: 
Overall Accuracy:  0.44875459371171905
Individual accuracies:  [0.44875459371171905]
Average accuracy:  0.44875459371171905
Time= 18.238505738s


Threshold = 0.1
Number of folds = 3
       C 6.0  C 5.0  C 7.0  C 8.0  C 4.0  C 3.0  C 9.0
A 6.0   2198      0      0      0      0      0      0
A 5.0   1457      0      0      0      0      0      0
A 7.0    880      0      0      0      0      0      0
A 8.0    175      0      0      0      0      0      0
A 4.0    163      0      0      0      0      0      0
A 3.0     20      0      0      0      0      0      0
A 9.0      5      0      0      0      0      0      0
Totals: 
Overall Accuracy:  0.44875459371171905
Individual accuracies:  [0.44875459371171905, 0.44875459371171905, 0.44875459371171905]
Average accuracy:  0.44875459371171905
Time= 49.390335874s


Threshold = 0.1
Number of folds = 5
       C 6.0  C 5.0  C 7.0  C 8.0  C 4.0  C 3.0  C 9.0
A 6.0   2198      0      0      0      0      0      0
A 5.0   1457      0      0      0      0      0      0
A 7.0    880      0      0      0      0      0      0
A 8.0    175      0      0      0      0      0      0
A 4.0    163      0      0      0      0      0      0
A 3.0     20      0      0      0      0      0      0
A 9.0      5      0      0      0      0      0      0
Totals: 
Overall Accuracy:  0.44875459371171905
Individual accuracies:  [0.44875459371171905, 0.44875459371171905, 0.44875459371171905, 0.44875459371171905, 0.44875459371171905]
Average accuracy:  0.4487545937117191
Time= 81.592738776s


Threshold = 0.1
Number of folds = 10
       C 6.0  C 5.0  C 7.0  C 8.0  C 4.0  C 3.0  C 9.0
A 6.0   2198      0      0      0      0      0      0
A 5.0   1457      0      0      0      0      0      0
A 7.0    880      0      0      0      0      0      0
A 8.0    175      0      0      0      0      0      0
A 4.0    163      0      0      0      0      0      0
A 3.0     20      0      0      0      0      0      0
A 9.0      5      0      0      0      0      0      0
Totals: 
Overall Accuracy:  0.44875459371171905
Individual accuracies:  [0.44875459371171905, 0.44875459371171905, 0.44875459371171905, 0.44875459371171905, 0.44875459371171905, 0.44875459371171905, 0.44875459371171905, 0.44875459371171905, 0.44875459371171905, 0.44875459371171905]
Average accuracy:  0.4487545937117191
Time= 165.866537979s

Threshold = 0.3
Number of folds = 0
       C 6.0  C 5.0  C 7.0  C 8.0  C 4.0  C 3.0  C 9.0
A 6.0   2198      0      0      0      0      0      0
A 5.0   1457      0      0      0      0      0      0
A 7.0    880      0      0      0      0      0      0
A 8.0    175      0      0      0      0      0      0
A 4.0    163      0      0      0      0      0      0
A 3.0     20      0      0      0      0      0      0
A 9.0      5      0      0      0      0      0      0
Totals: 
Overall Accuracy:  0.44875459371171905
Individual accuracies:  [0.44875459371171905]
Average accuracy:  0.44875459371171905
Time= 7.243636839999999s


Threshold = 0.3
Number of folds = 1
       C 6.0  C 5.0  C 7.0  C 8.0  C 4.0  C 3.0  C 9.0
A 6.0   2198      0      0      0      0      0      0
A 5.0   1457      0      0      0      0      0      0
A 7.0    880      0      0      0      0      0      0
A 8.0    175      0      0      0      0      0      0
A 4.0    163      0      0      0      0      0      0
A 3.0     20      0      0      0      0      0      0
A 9.0      5      0      0      0      0      0      0
Totals: 
Overall Accuracy:  0.44875459371171905
Individual accuracies:  [0.44875459371171905]
Average accuracy:  0.44875459371171905
Time= 7.271123677s


Threshold = 0.3
Number of folds = 3
       C 6.0  C 5.0  C 7.0  C 8.0  C 4.0  C 3.0  C 9.0
A 6.0   2198      0      0      0      0      0      0
A 5.0   1457      0      0      0      0      0      0
A 7.0    880      0      0      0      0      0      0
A 8.0    175      0      0      0      0      0      0
A 4.0    163      0      0      0      0      0      0
A 3.0     20      0      0      0      0      0      0
A 9.0      5      0      0      0      0      0      0
Totals: 
Overall Accuracy:  0.44875459371171905
Individual accuracies:  [0.44875459371171905, 0.44875459371171905, 0.44875459371171905]
Average accuracy:  0.44875459371171905
Time= 20.947309648999997s


Threshold = 0.3
Number of folds = 5
       C 6.0  C 5.0  C 7.0  C 8.0  C 4.0  C 3.0  C 9.0
A 6.0   2198      0      0      0      0      0      0
A 5.0   1457      0      0      0      0      0      0
A 7.0    880      0      0      0      0      0      0
A 8.0    175      0      0      0      0      0      0
A 4.0    163      0      0      0      0      0      0
A 3.0     20      0      0      0      0      0      0
A 9.0      5      0      0      0      0      0      0
Totals: 
Overall Accuracy:  0.44875459371171905
Individual accuracies:  [0.44875459371171905, 0.44875459371171905, 0.44875459371171905, 0.44875459371171905, 0.44875459371171905]
Average accuracy:  0.4487545937117191
Time= 35.63851927s


Threshold = 0.3
Number of folds = 10
       C 6.0  C 5.0  C 7.0  C 8.0  C 4.0  C 3.0  C 9.0
A 6.0   2198      0      0      0      0      0      0
A 5.0   1457      0      0      0      0      0      0
A 7.0    880      0      0      0      0      0      0
A 8.0    175      0      0      0      0      0      0
A 4.0    163      0      0      0      0      0      0
A 3.0     20      0      0      0      0      0      0
A 9.0      5      0      0      0      0      0      0
Totals: 
Overall Accuracy:  0.44875459371171905
Individual accuracies:  [0.44875459371171905, 0.44875459371171905, 0.44875459371171905, 0.44875459371171905, 0.44875459371171905, 0.44875459371171905, 0.44875459371171905, 0.44875459371171905, 0.44875459371171905, 0.44875459371171905]
Average accuracy:  0.4487545937117191
Time= 72.00611660999999s


Threshold = 0.5
Number of folds = 0
       C 6.0  C 5.0  C 7.0  C 8.0  C 4.0  C 3.0  C 9.0
A 6.0   2198      0      0      0      0      0      0
A 5.0   1457      0      0      0      0      0      0
A 7.0    880      0      0      0      0      0      0
A 8.0    175      0      0      0      0      0      0
A 4.0    163      0      0      0      0      0      0
A 3.0     20      0      0      0      0      0      0
A 9.0      5      0      0      0      0      0      0
Totals: 
Overall Accuracy:  0.44875459371171905
Individual accuracies:  [0.44875459371171905]
Average accuracy:  0.44875459371171905
Time= 7.231873508000007s


Threshold = 0.5
Number of folds = 1
       C 6.0  C 5.0  C 7.0  C 8.0  C 4.0  C 3.0  C 9.0
A 6.0   2198      0      0      0      0      0      0
A 5.0   1457      0      0      0      0      0      0
A 7.0    880      0      0      0      0      0      0
A 8.0    175      0      0      0      0      0      0
A 4.0    163      0      0      0      0      0      0
A 3.0     20      0      0      0      0      0      0
A 9.0      5      0      0      0      0      0      0
Totals: 
Overall Accuracy:  0.44875459371171905
Individual accuracies:  [0.44875459371171905]
Average accuracy:  0.44875459371171905
Time= 7.196174051000014s


Threshold = 0.5
Number of folds = 3
       C 6.0  C 5.0  C 7.0  C 8.0  C 4.0  C 3.0  C 9.0
A 6.0   2198      0      0      0      0      0      0
A 5.0   1457      0      0      0      0      0      0
A 7.0    880      0      0      0      0      0      0
A 8.0    175      0      0      0      0      0      0
A 4.0    163      0      0      0      0      0      0
A 3.0     20      0      0      0      0      0      0
A 9.0      5      0      0      0      0      0      0
Totals: 
Overall Accuracy:  0.44875459371171905
Individual accuracies:  [0.44875459371171905, 0.44875459371171905, 0.44875459371171905]
Average accuracy:  0.44875459371171905
Time= 20.713023744999987s


Threshold = 0.5
Number of folds = 5
       C 6.0  C 5.0  C 7.0  C 8.0  C 4.0  C 3.0  C 9.0
A 6.0   2198      0      0      0      0      0      0
A 5.0   1457      0      0      0      0      0      0
A 7.0    880      0      0      0      0      0      0
A 8.0    175      0      0      0      0      0      0
A 4.0    163      0      0      0      0      0      0
A 3.0     20      0      0      0      0      0      0
A 9.0      5      0      0      0      0      0      0
Totals: 
Overall Accuracy:  0.44875459371171905
Individual accuracies:  [0.44875459371171905, 0.44875459371171905, 0.44875459371171905, 0.44875459371171905, 0.44875459371171905]
Average accuracy:  0.4487545937117191
Time= 36.422208729000005s


Threshold = 0.5
Number of folds = 10
       C 6.0  C 5.0  C 7.0  C 8.0  C 4.0  C 3.0  C 9.0
A 6.0   2198      0      0      0      0      0      0
A 5.0   1457      0      0      0      0      0      0
A 7.0    880      0      0      0      0      0      0
A 8.0    175      0      0      0      0      0      0
A 4.0    163      0      0      0      0      0      0
A 3.0     20      0      0      0      0      0      0
A 9.0      5      0      0      0      0      0      0
Totals: 
Overall Accuracy:  0.44875459371171905
Individual accuracies:  [0.44875459371171905, 0.44875459371171905, 0.44875459371171905, 0.44875459371171905, 0.44875459371171905, 0.44875459371171905, 0.44875459371171905, 0.44875459371171905, 0.44875459371171905, 0.44875459371171905]
Average accuracy:  0.4487545937117191
Time= 72.32110419400001s


Threshold = 0.7
Number of folds = 0
       C 6.0  C 5.0  C 7.0  C 8.0  C 4.0  C 3.0  C 9.0
A 6.0   2198      0      0      0      0      0      0
A 5.0   1457      0      0      0      0      0      0
A 7.0    880      0      0      0      0      0      0
A 8.0    175      0      0      0      0      0      0
A 4.0    163      0      0      0      0      0      0
A 3.0     20      0      0      0      0      0      0
A 9.0      5      0      0      0      0      0      0
Totals: 
Overall Accuracy:  0.44875459371171905
Individual accuracies:  [0.44875459371171905]
Average accuracy:  0.44875459371171905
Time= 9.270487927000033s


Threshold = 0.7
Number of folds = 1
       C 6.0  C 5.0  C 7.0  C 8.0  C 4.0  C 3.0  C 9.0
A 6.0   2198      0      0      0      0      0      0
A 5.0   1457      0      0      0      0      0      0
A 7.0    880      0      0      0      0      0      0
A 8.0    175      0      0      0      0      0      0
A 4.0    163      0      0      0      0      0      0
A 3.0     20      0      0      0      0      0      0
A 9.0      5      0      0      0      0      0      0
Totals: 
Overall Accuracy:  0.44875459371171905
Individual accuracies:  [0.44875459371171905]
Average accuracy:  0.44875459371171905
Time= 9.009187634s


Threshold = 0.7
Number of folds = 3
       C 6.0  C 5.0  C 7.0  C 8.0  C 4.0  C 3.0  C 9.0
A 6.0   2198      0      0      0      0      0      0
A 5.0   1457      0      0      0      0      0      0
A 7.0    880      0      0      0      0      0      0
A 8.0    175      0      0      0      0      0      0
A 4.0    163      0      0      0      0      0      0
A 3.0     20      0      0      0      0      0      0
A 9.0      5      0      0      0      0      0      0
Totals: 
Overall Accuracy:  0.44875459371171905
Individual accuracies:  [0.44875459371171905, 0.44875459371171905, 0.44875459371171905]
Average accuracy:  0.44875459371171905
Time= 22.990087217999985s


Threshold = 0.7
Number of folds = 5
       C 6.0  C 5.0  C 7.0  C 8.0  C 4.0  C 3.0  C 9.0
A 6.0   2198      0      0      0      0      0      0
A 5.0   1457      0      0      0      0      0      0
A 7.0    880      0      0      0      0      0      0
A 8.0    175      0      0      0      0      0      0
A 4.0    163      0      0      0      0      0      0
A 3.0     20      0      0      0      0      0      0
A 9.0      5      0      0      0      0      0      0
Totals: 
Overall Accuracy:  0.44875459371171905
Individual accuracies:  [0.44875459371171905, 0.44875459371171905, 0.44875459371171905, 0.44875459371171905, 0.44875459371171905]
Average accuracy:  0.4487545937117191
Time= 39.90846711199998s


Threshold = 0.7
Number of folds = 10
       C 6.0  C 5.0  C 7.0  C 8.0  C 4.0  C 3.0  C 9.0
A 6.0   2198      0      0      0      0      0      0
A 5.0   1457      0      0      0      0      0      0
A 7.0    880      0      0      0      0      0      0
A 8.0    175      0      0      0      0      0      0
A 4.0    163      0      0      0      0      0      0
A 3.0     20      0      0      0      0      0      0
A 9.0      5      0      0      0      0      0      0
Totals: 
Overall Accuracy:  0.44875459371171905
Individual accuracies:  [0.44875459371171905, 0.44875459371171905, 0.44875459371171905, 0.44875459371171905, 0.44875459371171905, 0.44875459371171905, 0.44875459371171905, 0.44875459371171905, 0.44875459371171905, 0.44875459371171905]
Average accuracy:  0.4487545937117191
Time= 75.282405864s


Threshold = 0.9
Number of folds = 0
       C 6.0  C 5.0  C 7.0  C 8.0  C 4.0  C 3.0  C 9.0
A 6.0   2198      0      0      0      0      0      0
A 5.0   1457      0      0      0      0      0      0
A 7.0    880      0      0      0      0      0      0
A 8.0    175      0      0      0      0      0      0
A 4.0    163      0      0      0      0      0      0
A 3.0     20      0      0      0      0      0      0
A 9.0      5      0      0      0      0      0      0
Totals: 
Overall Accuracy:  0.44875459371171905
Individual accuracies:  [0.44875459371171905]
Average accuracy:  0.44875459371171905
Time= 8.794842098999993s


Threshold = 0.9
Number of folds = 1
       C 6.0  C 5.0  C 7.0  C 8.0  C 4.0  C 3.0  C 9.0
A 6.0   2198      0      0      0      0      0      0
A 5.0   1457      0      0      0      0      0      0
A 7.0    880      0      0      0      0      0      0
A 8.0    175      0      0      0      0      0      0
A 4.0    163      0      0      0      0      0      0
A 3.0     20      0      0      0      0      0      0
A 9.0      5      0      0      0      0      0      0
Totals: 
Overall Accuracy:  0.44875459371171905
Individual accuracies:  [0.44875459371171905]
Average accuracy:  0.44875459371171905
Time= 7.339109153999971s


Threshold = 0.9
Number of folds = 3
       C 6.0  C 5.0  C 7.0  C 8.0  C 4.0  C 3.0  C 9.0
A 6.0   2198      0      0      0      0      0      0
A 5.0   1457      0      0      0      0      0      0
A 7.0    880      0      0      0      0      0      0
A 8.0    175      0      0      0      0      0      0
A 4.0    163      0      0      0      0      0      0
A 3.0     20      0      0      0      0      0      0
A 9.0      5      0      0      0      0      0      0
Totals: 
Overall Accuracy:  0.44875459371171905
Individual accuracies:  [0.44875459371171905, 0.44875459371171905, 0.44875459371171905]
Average accuracy:  0.44875459371171905
Time= 20.92371865199999s


Threshold = 0.9
Number of folds = 5
       C 6.0  C 5.0  C 7.0  C 8.0  C 4.0  C 3.0  C 9.0
A 6.0   2198      0      0      0      0      0      0
A 5.0   1457      0      0      0      0      0      0
A 7.0    880      0      0      0      0      0      0
A 8.0    175      0      0      0      0      0      0
A 4.0    163      0      0      0      0      0      0
A 3.0     20      0      0      0      0      0      0
A 9.0      5      0      0      0      0      0      0
Totals: 
Overall Accuracy:  0.44875459371171905
Individual accuracies:  [0.44875459371171905, 0.44875459371171905, 0.44875459371171905, 0.44875459371171905, 0.44875459371171905]
Average accuracy:  0.4487545937117191
Time= 42.47074168099999s
