KNN letters-recognition.csv

Overall Matrix of: KNN - K = 1
     C U  C D  C P  C T  C M  C A  C X  C Y  C N  C Q  C F  C G  C E  C B  C V  C L  C R  C I  C O  C W  C S  C J  C K  C C  C H  C Z
A U  799    0    0    0    1    1    0    1    1    0    0    0    0    1    1    1    0    0    0    0    0    0    2    0    5    0
A D    0  776    0    0    0    0    0    0    3    0    0    1    1    2    0    0    5    0    7    0    2    0    0    0    8    0
A P    0    3  759    0    0    0    0    1    1    3   31    0    1    1    0    2    0    0    0    0    0    0    0    0    1    0
A T    0    1    0  772    0    0    1   12    0    0    2    0    0    1    0    0    0    1    0    0    0    1    0    4    1    0
A M    0    0    0    0  777    0    0    0    1    0    0    1    0    2    7    0    0    0    1    3    0    0    0    0    0    0
A A    0    0    0    0    0  786    0    1    0    0    0    0    0    1    0    0    0    0    0    0    0    1    0    0    0    0
A X    0    2    0    2    0    0  759    0    0    1    0    0    4    2    0    0    1    0    0    0    1    0   15    0    0    0
A Y    2    0    0    9    0    1    1  768    0    0    0    0    0    1    3    0    0    0    0    1    0    0    0    0    0    0
A N    0    3    0    0    2    1    0    0  758    0    0    0    0    1    2    0    7    0    3    1    0    1    0    0    4    0
A Q    0    1    3    0    0    0    0    1    0  759    0    3    0    0    0    0    0    0   13    0    1    0    0    0    0    2
A F    0    0   25    8    0    0    1    1    1    1  728    0    0    1    3    0    1    2    0    0    1    0    0    0    2    0
A G    0    4    0    0    0    0    0    0    0    1    0  739    9    2    2    1    0    0    4    2    1    0    2    6    0    0
A E    0    0    1    0    0    0    2    0    0    1    1    9  728    2    0    3    0    0    0    0    3    0    4    6    3    5
A B    2    4    0    0    1    0    0    0    0    0    0    1    5  722   14    0   10    0    0    0    3    0    1    0    2    1
A V    0    0    1    0    2    0    0    4    2    0    1    1    0   12  737    0    0    0    1    2    0    0    0    1    0    0
A L    0    0    1    0    0    0    0    0    0    1    0    2    3    0    0  746    1    0    0    0    0    3    2    1    1    0
A R    0    1    0    0    0    0    0    0    9    1    1    1    0   18    0    2  705    0    0    0    0    0    9    0   11    0
A I    0    0    1    0    0    0    1    0    0    0    2    0    0    0    0    0    0  727    0    0    0   24    0    0    0    0
A O    0   10    0    0    0    0    0    0    0    6    0    1    0    0    0    0    0    0  730    1    0    0    0    3    2    0
A W    2    0    0    0    1    0    0    0    0    0    0    0    0    0    3    0    1    0    2  743    0    0    0    0    0    0
A S    1    0    0    1    0    0    0    0    0    0    0    0    3    5    0    0    2    0    0    0  732    1    0    0    1    2
A J    2    1    0    0    0    0    0    0    2    0    1    0    0    1    0    1    0   28    0    0    0  710    0    0    1    0
A K    0    0    0    0    0    0   17    0    0    0    0    1    7    2    0    0   11    0    0    0    0    0  683    0   18    0
A C    0    0    0    1    0    0    0    0    0    0    0    6    5    0    1    1    0    0    2    2    0    0    0  718    0    0
A H    2   12    2    0    2    0    1    0    2    0    0    3    3    7    0    0   14    0    5    0    0    1   19    1  660    0
A Z    0    0    0    0    0    0    1    0    0    7    0    0    2    0    0    0    0    0    0    0    1    0    0    0    0  723

Totals: 
Overall Accuracy:  0.9622
Individual accuracies:  [0.9622]
Average accuracy:  0.9622 

Overall Matrix of: KNN - K = 2
     C U  C D  C P  C T  C M  C A  C X  C Y  C Q  C N  C F  C G  C E  C B  C V  C L  C R  C I  C O  C W  C S  C J  C K  C C  C Z  C H
A U  798    1    0    0    3    3    0    1    0    1    0    0    0    2    1    0    0    0    0    0    0    0    0    0    0    3
A D    0  793    0    0    0    0    0    0    0    2    0    0    0    3    0    0    3    0    2    0    2    0    0    0    0    0
A P    0    4  717    0    1    0    0    4    2    1   57    2    2    1    0    3    3    1    0    0    0    0    0    0    0    5
A T    0    3    0  774    0    0    1   12    0    0    0    0    0    4    0    0    0    1    0    0    0    1    0    0    0    0
A M    0    0    1    0  781    0    0    0    0    2    0    1    0    4    2    0    0    0    0    1    0    0    0    0    0    0
A A    0    0    0    0    2  782    0    1    0    1    0    0    0    3    0    0    0    0    0    0    0    0    0    0    0    0
A X    0    5    0    3    0    0  756    0    0    0    0    0   11    3    0    1    1    0    0    0    4    0    2    0    1    0
A Y    1    0    0    9    0    1    1  771    0    0    0    0    0    1    0    0    0    0    0    1    1    0    0    0    0    0
A Q    1    2    4    0    0    0    0    1  740    0    0    0    2    1    0    0    6    0   24    0    1    0    0    0    1    0
A N    0   10    0    0    3    0    0    0    0  760    0    0    0    2    1    0    4    0    2    0    0    0    0    0    0    1
A F    0    2   10   20    0    0    0    2    1    3  722    0    1    2    2    0    1    4    0    1    3    1    0    0    0    0
A G    0    8    0    0    1    0    2    0    3    0    0  701   20    7    3    2    1    0    9    1    3    0    3    4    0    5
A E    0    0    1    1    0    0    1    0    1    0    0    7  744    2    0    1    0    0    0    0    4    0    0    2    4    0
A B    2    6    0    0    1    0    0    0    0    1    1    0    3  742    3    0    3    0    0    0    3    0    0    0    0    1
A V    0    0    1    0    3    0    0    4    0    3    0    0    0   18  724    0    1    0    1    7    0    0    0    1    0    1
A L    0    0    0    0    0    0    0    0    1    0    0    0    5    0    0  746    2    0    0    0    1    2    2    0    0    2
A R    0    4    0    0    0    0    0    0    0   16    0    0    0   30    0    3  693    0    0    1    2    1    4    0    0    4
A I    0    1    0    0    0    0    0    0    0    1    0    0    0    0    0    0    0  742    0    0    0   11    0    0    0    0
A O    5   19    0    1    0    0    0    0   17    6    0    4    0    1    1    0    1    0  688    3    0    0    0    5    0    2
A W    1    0    0    0    3    0    0    0    0    1    0    0    0    0    0    0    1    0    0  746    0    0    0    0    0    0
A S    0    0    0    1    0    0    0    0    0    0    0    0    1    5    0    0    0    0    0    0  740    0    0    0    1    0
A J    1    1    0    0    0    1    0    0    0    2    0    0    1    1    0    0    0   45    1    0    0  694    0    0    0    0
A K    2    1    0    1    0    0   27    0    0    0    0    2   17    3    0    1   18    0    0    1    1    0  635    0    0   30
A C    1    0    0    3    0    0    0    0    1    0    0    7    8    0    1    2    1    0    6    3    0    0    2  700    0    1
A Z    0    0    0    2    0    0    2    0    5    0    1    0    9    0    0    0    0    0    0    0    3    0    0    0  712    0
A H    4   31    0    0    2    0    3    0    0    6    1    3    5   18    0    1   26    0    6    0    0    2   24    1    0  601

Totals: 
Overall Accuracy:  0.9501
Individual accuracies:  [0.9501]
Average accuracy:  0.9501

Overall Matrix of: KNN - K = 3
     C U  C D  C P  C T  C M  C A  C X  C Y  C Q  C N  C F  C G  C E  C B  C V  C L  C R  C I  C O  C W  C S  C J  C K  C C  C Z  C H
A U  797    1    0    0    1    2    0    0    0    1    0    0    0    2    1    0    0    0    0    1    0    0    2    0    0    5
A D    0  784    1    0    0    0    0    0    0    2    0    0    0    6    0    0    1    0    3    0    1    0    0    0    0    7
A P    0    5  748    1    1    0    0    3    2    1   33    0    1    2    0    1    2    0    0    0    0    0    0    0    0    3
A T    0    1    0  770    0    0    0   13    0    0    2    0    0    4    2    0    1    0    0    0    0    1    0    1    0    1
A M    0    0    0    0  774    0    0    0    0    3    0    1    0    3    6    0    0    0    1    4    0    0    0    0    0    0
A A    0    0    0    0    0  784    0    1    0    0    0    0    0    3    0    1    0    0    0    0    0    0    0    0    0    0
A X    0    3    0    3    0    0  760    0    0    0    0    0    5    2    0    0    1    0    2    0    3    0    8    0    0    0
A Y    0    0    0    7    1    2    1  768    1    0    0    0    0    1    3    0    0    0    0    1    0    1    0    0    0    0
A Q    0    1    4    0    0    0    0    1  755    1    0    0    0    1    0    0    2    0   16    0    1    0    0    0    1    0
A N    0    6    0    0    1    0    0    0    1  758    0    0    0    2    3    1    2    0    5    0    0    0    0    0    0    4
A F    0    2   22   12    0    0    1    1    1    3  721    0    2    2    2    0    1    3    0    0    0    2    0    0    0    0
A G    0   10    0    0    1    0    0    0    0    0    0  728   15    6    2    0    1    0    4    1    1    0    2    1    0    1
A E    0    0    0    1    0    0    2    0    3    0    0    9  736    2    0    2    0    0    0    0    1    0    0    2    8    2
A B    0    3    0    0    1    0    0    0    0    0    0    0    4  736    4    0   10    0    0    0    3    0    0    0    1    4
A V    0    0    1    0    3    0    0    2    0    1    1    1    0   15  736    0    0    0    1    2    0    0    0    1    0    0
A L    0    0    0    0    0    0    0    0    1    0    0    3    4    0    0  744    2    0    0    0    0    1    2    0    0    4
A R    0    5    0    0    0    0    0    0    1   10    0    0    0   17    2    2  705    0    0    0    0    0    9    0    0    7
A I    0    1    0    0    0    0    0    0    0    1    0    0    0    0    0    1    0  726    0    0    0   26    0    0    0    0
A O    3   10    0    0    0    0    0    0    6    0    1    0    0    1    1    0    0    0  727    1    0    0    0    3    0    0
A W    0    0    0    0    3    0    0    0    0    0    0    0    0    0    1    0    1    0    4  742    0    0    0    0    0    1
A S    0    0    0    1    0    0    0    0    0    0    0    0    5    4    0    0    1    0    0    0  736    0    0    0    1    0
A J    1    1    0    0    0    1    0    0    0    0    0    0    0    2    0    1    0   24    2    0    0  714    0    0    0    1
A K    2    2    0    2    0    0   16    0    0    0    0    1    8    4    0    0   13    0    0    1    0    0  670    0    0   20
A C    1    0    0    2    0    0    0    0    2    1    0    6    4    0    1    0    0    0    4    2    0    0    0  712    0    1
A Z    0    0    0    0    0    0    0    0    7    0    0    0    2    0    0    0    0    0    0    0    2    0    0    0  723    0
A H    1   22    1    1    1    0    0    0    0    3    0    4    2   17    1    1   11    0    4    0    1    0   22    1    0  641

Totals: 
Overall Accuracy:  0.479875
Individual accuracies:  [0.9501, 0.95975]
Average accuracy:  0.954925

Overall Matrix of: KNN - K = 4
     C U  C D  C P  C T  C M  C A  C X  C Y  C Q  C N  C F  C G  C E  C B  C V  C L  C R  C I  C O  C W  C S  C J  C K  C C  C Z  C H
A U  805    1    0    0    0    2    0    0    0    1    0    0    0    0    1    0    0    0    0    0    0    0    0    0    0    3
A D    0  787    1    0    0    0    0    0    0    3    0    1    0    2    0    0    2    0    5    0    1    0    1    0    0    2
A P    0    3  729    0    0    0    0    3    2    1   56    1    0    1    0    2    3    0    0    0    0    0    0    0    0    2
A T    0    2    0  775    0    0    0   11    0    1    0    0    0    3    1    0    0    1    0    0    0    0    0    1    0    1
A M    0    1    0    0  773    0    0    0    0    5    0    2    0    1    6    0    0    0    1    2    0    0    0    0    0    1
A A    0    0    0    0    0  784    0    2    0    0    0    0    0    2    0    1    0    0    0    0    0    0    0    0    0    0
A X    0    3    0    2    0    1  760    0    0    0    0    0   11    2    0    0    1    0    2    0    1    0    4    0    0    0
A Y    1    0    0    9    0    1    0  770    0    0    0    0    0    1    3    0    0    0    0    1    0    0    0    0    0    0
A Q    0    1    3    0    0    0    0    2  749    0    0    0    0    1    0    0    3    0   24    0    0    0    0    0    0    0
A N    0   10    0    0    2    0    0    0    0  751    0    0    0    3    4    1    2    0    6    0    0    0    0    0    0    4
A F    0    2    8   20    0    0    1    1    1    3  729    0    0    2    1    0    0    3    0    1    0    2    0    0    1    0
A G    0    8    0    0    0    0    1    0    2    0    0  713   20    7    2    0    1    0    8    1    2    0    2    3    0    3
A E    0    0    0    1    0    0    2    0    3    0    1    8  737    4    0    1    0    0    0    0    3    0    1    1    5    1
A B    1    4    0    0    1    0    0    0    0    0    0    0    2  741    5    0    5    0    0    0    3    0    0    0    1    3
A V    0    0    1    0    1    0    0    3    0    1    2    1    0   13  735    0    0    0    2    4    0    0    0    1    0    0
A L    0    0    0    0    0    0    1    0    1    0    0    3    4    0    0  743    5    0    0    0    0    1    2    0    0    1
A R    0    4    0    0    0    0    0    0    1   13    0    0    0   18    3    3  705    0    0    0    0    0    7    0    0    4
A I    0    1    0    0    0    0    0    0    0    0    0    0    0    1    0    1    0  731    0    0    0   20    0    1    0    0
A O    4   12    0    0    0    0    0    0   14    2    0    1    0    1    1    0    0    0  712    2    0    0    0    4    0    0
A W    1    0    0    0    5    0    0    0    0    0    0    0    0    0    1    0    1    0    2  741    0    0    0    0    0    1
A S    0    0    0    1    0    0    0    0    0    0    0    0    2    3    0    0    2    0    0    0  739    0    0    0    1    0
A J    2    0    0    0    0    1    1    0    0    1    0    0    1    0    0    1    0   41    2    0    0  695    0    0    1    1
A K    2    1    0    0    0    0   22    0    0    0    0    1   11    3    0    1   17    0    0    1    1    0  658    0    0   21
A C    3    0    0    1    0    0    0    0    1    1    0    6    6    0    1    1    0    0    9    2    0    0    0  705    0    0
A Z    0    0    0    1    0    0    0    0    7    0    0    0    3    0    0    0    0    0    0    0    3    1    0    0  719    0
A H    2   26    0    0    1    0    0    0    0    5    1    3    1   19    1    0   18    0    5    0    0    0   27    2    0  623

Totals: 
Overall Accuracy:  0.31848333333333334
Individual accuracies:  [0.9501, 0.95975, 0.95545]
Average accuracy:  0.9551

Overall Matrix of: KNN - K = 5
     C U  C D  C P  C T  C M  C A  C X  C Y  C Q  C N  C F  C G  C E  C B  C V  C L  C R  C I  C O  C W  C S  C J  C K  C C  C Z  C H
A U  801    1    0    0    0    2    0    0    0    0    0    0    0    1    1    0    0    0    2    0    0    0    0    0    0    5
A D    0  784    1    0    0    1    2    0    0    4    0    0    0    2    0    0    1    0    3    0    1    0    1    0    0    5
A P    0    2  746    0    0    0    0    3    3    1   39    1    0    1    0    2    3    0    0    0    0    0    0    1    0    1
A T    0    1    0  772    0    0    0   13    1    1    1    0    0    2    1    0    0    1    0    0    0    0    0    2    0    1
A M    1    0    0    0  776    0    0    0    0    3    0    2    0    2    5    0    0    0    0    3    0    0    0    0    0    0
A A    0    0    0    0    1  784    0    1    0    0    0    0    0    2    0    1    0    0    0    0    0    0    0    0    0    0
A X    1    3    0    1    0    1  758    0    0    0    0    0    7    2    0    0    0    0    2    0    3    0    9    0    0    0
A Y    1    0    1    7    0    3    1  768    0    0    0    0    0    1    2    0    0    0    0    2    0    0    0    0    0    0
A Q    0    0    2    0    0    0    0    2  757    0    0    0    0    1    0    0    2    0   19    0    0    0    0    0    0    0
A N    0    8    0    0    2    1    0    0    0  749    0    0    0    2    2    1    6    0    6    1    0    0    0    0    0    5
A F    0    2   21   12    0    0    1    1    0    3  723    0    1    3    2    0    0    3    0    1    0    2    0    0    0    0
A G    0    8    0    0    2    0    1    0    0    0    0  731    9    5    1    0    1    0    8    2    1    0    1    2    0    1
A E    0    0    1    0    0    0    2    0    3    0    1   10  734    2    0    0    0    0    0    0    2    0    0    3    9    1
A B    0    3    0    0    1    0    0    0    0    0    1    0    2  739    5    0    7    0    0    0    1    0    0    0    1    6
A V    0    0    2    0    1    0    0    0    0    1    2    1    0   12  740    0    0    0    1    3    0    0    0    1    0    0
A L    0    0    1    0    0    0    1    0    1    0    0    2    3    0    0  748    1    0    0    0    0    1    2    0    0    1
A R    0    5    0    0    0    0    0    0    1    9    0    0    0   12    1    4  716    0    0    0    1    0    4    0    0    5
A I    0    1    0    0    0    0    0    0    0    1    0    0    0    1    0    1    0  725    0    0    1   24    0    1    0    0
A O    2   13    0    0    0    0    0    0    6    3    0    1    0    1    1    0    0    0  721    2    0    0    0    3    0    0
A W    3    0    0    0    4    0    0    0    0    0    0    0    0    0    1    0    1    0    3  739    0    0    0    0    0    1
A S    0    0    0    0    0    0    0    0    0    0    0    0    3    2    0    0    2    0    0    0  739    0    0    0    2    0
A J    3    0    0    0    0    0    1    0    0    1    1    0    0    0    0    1    0   34    1    0    1  701    0    0    2    1
A K    1    2    0    0    0    0   26    0    0    0    0    0   10    3    0    0   16    0    0    0    1    0  658    0    0   22
A C    1    0    0    1    0    0    0    0    1    1    0    6    4    0    1    3    1    0   13    1    0    0    0  703    0    0
A Z    0    0    0    1    0    0    0    0    9    0    0    0    3    0    0    0    0    0    0    0    1    1    0    0  719    0
A H    2   18    0    1    2    0    1    0    2    4    0    6    1   15    1    0   16    0    6    0    0    1   22    0    0  636

Totals: 
Overall Accuracy:  0.2395875
Individual accuracies:  [0.9501, 0.95975, 0.95545, 0.95835]
Average accuracy:  0.9559124999999999

Overall Matrix of: KNN - K = 6
     C U  C D  C P  C T  C M  C A  C X  C Y  C Q  C N  C F  C G  C E  C B  C V  C L  C R  C I  C O  C W  C S  C J  C K  C C  C Z  C H
A U  803    1    0    0    1    2    0    0    0    0    0    0    0    0    1    0    0    0    1    0    0    0    0    0    0    4
A D    0  788    0    0    0    1    1    0    1    3    0    0    0    2    0    0    0    0    2    0    1    0    1    0    0    5
A P    0    1  733    0    0    0    0    3    2    0   51    1    1    1    1    2    3    0    2    0    0    0    0    0    0    2
A T    0    2    0  775    0    0    0   12    0    0    1    0    0    3    1    0    0    0    0    0    0    1    0    1    0    0
A M    1    0    0    0  768    0    0    0    0    3    0    2    0    4    7    0    0    0    2    5    0    0    0    0    0    0
A A    1    0    0    0    0  784    0    1    0    0    0    0    0    1    0    1    0    0    0    0    0    0    0    1    0    0
A X    2    2    0    2    0    2  754    0    0    0    0    0    8    3    0    0    0    0    2    0    4    1    7    0    0    0
A Y    1    0    0    7    0    2    1  770    0    0    0    0    0    1    3    0    0    0    0    1    0    0    0    0    0    0
A Q    0    2    2    0    0    0    0    1  748    0    0    1    0    0    0    0    3    0   26    0    0    0    0    0    0    0
A N    0   11    0    0    4    1    0    0    0  745    0    0    0    3    4    1    4    0    4    0    0    0    0    0    0    6
A F    0    3   14   14    0    0    0    1    0    3  728    0    0    1    2    0    0    3    0    1    3    2    0    0    0    0
A G    0    8    0    0    2    0    1    0    2    0    0  717   15    6    1    0    2    0    6    5    2    0    1    2    0    3
A E    0    0    0    0    0    0    2    0    1    0    1    7  740    3    0    0    0    0    0    0    3    0    0    3    8    0
A B    0    3    0    0    1    0    0    0    0    0    1    0    2  740    7    0    6    0    0    0    1    0    0    0    1    4
A V    1    0    1    1    0    0    0    1    0    1    3    1    0   14  732    0    1    0    2    6    0    0    0    0    0    0
A L    0    0    0    0    0    0    1    0    0    0    0    3    3    0    0  744    6    0    0    0    0    1    1    0    0    2
A R    0    2    0    0    0    0    0    0    1   12    0    0    0   22    0    2  709    0    0    0    0    0    7    0    0    3
A I    0    1    0    0    0    0    1    0    0    1    0    0    0    1    0    1    0  731    0    0    0   18    0    1    0    0
A O    2   12    0    0    0    0    0    0   12    1    0    0    0    1    0    0    0    0  720    2    0    0    0    3    0    0
A W    2    0    0    0    5    0    0    0    0    0    0    0    0    0    0    0    1    0    2  741    0    0    0    0    0    1
A S    0    0    0    1    0    0    0    0    0    0    2    0    4    4    0    0    3    0    0    0  731    0    0    0    2    1
A J    2    0    0    0    0    1    2    0    1    1    1    0    1    0    0    1    0   36    2    0    0  697    0    0    1    1
A K    1    3    0    0    0    0   22    0    0    0    0    1   11    3    0    0   15    0    0    0    0    0  660    0    0   23
A C    1    0    0    1    0    0    0    0    1    1    0    8    7    0    2    1    1    0   10    1    0    0    0  702    0    0
A Z    0    0    0    1    0    0    1    0    7    0    0    0    1    0    0    0    1    0    0    0    1    1    0    0  721    0
A H    2   21    0    1    1    0    1    1    0    2    0    4    1   14    1    0   21    0    8    0    1    1   25    0    1  628

Totals: 
Overall Accuracy:  0.19109
Individual accuracies:  [0.9501, 0.95975, 0.95545, 0.95835, 0.95545]
Average accuracy:  0.9558199999999999

Overall Matrix of: KNN - K = 7
     C U  C D  C P  C T  C M  C A  C X  C Y  C Q  C N  C F  C G  C E  C B  C V  C L  C R  C I  C O  C W  C S  C J  C K  C C  C Z  C H
A U  800    2    0    0    1    2    0    0    0    0    0    0    0    0    1    0    0    0    1    0    0    0    0    0    0    6
A D    0  789    0    0    0    1    2    0    0    2    0    0    0    2    0    0    2    0    1    0    1    0    0    0    0    5
A P    0    2  744    0    0    0    0    3    1    0   39    1    2    1    1    2    3    0    2    0    0    0    0    0    0    2
A T    0    2    0  767    0    0    2   16    0    1    2    0    0    2    1    0    0    0    0    0    0    0    1    1    0    1
A M    1    0    0    0  768    1    0    0    0    4    0    2    0    4    6    0    0    0    2    4    0    0    0    0    0    0
A A    1    0    0    0    0  781    0    2    0    0    0    0    0    1    0    1    1    0    0    0    0    0    0    2    0    0
A X    2    4    0    1    0    2  752    0    2    0    0    0    8    2    0    0    1    1    0    0    4    1    6    0    1    0
A Y    1    0    0    7    0    2    1  771    0    0    0    0    0    1    3    0    0    0    0    0    0    0    0    0    0    0
A Q    0    2    3    0    0    0    0    2  747    0    0    0    0    0    0    0    3    0   26    0    0    0    0    0    0    0
A N    0   10    0    0    2    1    0    0    0  746    0    0    0    2    4    1    7    0    4    0    0    0    0    0    0    6
A F    0    3   21   13    0    0    0    1    0    4  722    0    1    1    2    0    0    2    0    1    1    2    0    0    0    1
A G    0    8    0    0    1    0    1    0    1    0    0  726    7    7    2    0    2    0    5    2    2    0    1    4    0    4
A E    0    0    0    0    0    0    2    0    3    0    1   10  735    3    0    0    0    0    0    0    2    0    0    3    9    0
A B    1    2    0    0    1    0    1    0    0    0    1    0    3  734    5    0   10    0    0    0    1    0    0    0    1    6
A V    0    0    1    0    1    0    0    0    0    0    3    1    0   18  735    0    0    0    1    3    1    0    0    0    0    0
A L    0    0    0    0    0    0    1    0    0    0    0    3    3    0    0  745    4    0    0    0    0    1    1    0    0    3
A R    0    3    0    0    0    0    0    0    0    9    0    0    0   17    1    3  715    0    0    0    0    0    6    0    0    4
A I    0    1    0    0    0    0    1    0    0    1    1    0    0    1    0    1    0  725    0    0    0   23    0    1    0    0
A O    1   12    0    0    0    0    0    0    7    3    0    1    0    1    1    0    0    0  722    3    0    0    0    2    0    0
A W    2    0    0    0    2    0    0    0    0    0    0    0    0    1    1    0    1    0    1  743    0    0    0    0    0    1
A S    1    0    0    1    0    0    0    0    1    0    1    0    4    4    0    0    2    0    0    0  731    0    0    0    2    1
A J    1    0    0    0    0    1    2    0    1    1    1    0    1    0    0    1    0   32    1    0    0  701    0    0    2    2
A K    2    6    0    1    0    0   20    0    0    0    0    0    9    3    0    0   17    0    0    0    1    0  661    0    0   19
A C    2    0    0    1    0    0    1    0    1    0    0    5    5    0    0    2    2    0   12    3    0    0    0  702    0    0
A Z    0    0    0    1    0    0    1    0    9    0    0    0    1    0    0    0    0    0    0    0    2    0    0    0  720    0
A H    1   26    0    1    1    0    1    1    1    2    0    4    1   11    1    0   19    0    6    0    1    1   22    0    1  633

Totals: 
Overall Accuracy:  0.15929166666666666
Individual accuracies:  [0.9501, 0.95975, 0.95545, 0.95835, 0.95545, 0.95575]
Average accuracy:  0.9558083333333333

Overall Matrix of: KNN - K = 8
     C U  C D  C P  C T  C M  C A  C X  C Y  C Q  C N  C F  C G  C E  C B  C V  C L  C R  C I  C O  C W  C S  C J  C K  C C  C Z  C H
A U  799    1    0    0    1    3    0    0    0    0    0    0    0    0    1    0    0    0    0    0    0    0    0    1    0    7
A D    0  785    0    0    1    1    2    0    1    2    0    0    0    2    0    0    2    0    2    0    1    0    0    0    0    6
A P    0    2  734    0    0    0    0    4    0    0   47    0    0    4    1    1    3    0    3    0    0    0    0    0    0    4
A T    0    3    0  772    0    0    2   12    0    1    0    0    0    3    1    0    0    0    0    0    0    0    0    1    0    1
A M    0    0    0    0  765    1    0    0    0    3    0    3    0    6    6    0    0    0    2    6    0    0    0    0    0    0
A A    1    0    0    0    2  781    0    1    0    0    0    0    0    1    0    1    1    0    0    0    0    0    0    1    0    0
A X    2    3    0    1    0    2  754    0    2    0    1    0    8    1    0    0    2    1    0    0    3    1    6    0    0    0
A Y    2    0    1    7    0    0    1  773    0    0    0    0    0    1    1    0    0    0    0    0    0    0    0    0    0    0
A Q    0    1    2    0    0    1    0    1  743    0    0    0    0    0    0    0    3    0   32    0    0    0    0    0    0    0
A N    0   12    0    0    2    1    0    0    0  743    0    0    0    3    3    1    8    0    4    0    0    0    0    0    0    6
A F    0    3   11   17    0    0    0    1    1    4  725    0    0    1    2    0    0    3    0    2    1    2    0    0    0    2
A G    0   11    0    0    0    0    2    0    1    0    0  725   11    6    2    0    0    0    5    3    2    0    0    2    0    3
A E    0    0    0    0    0    0    1    0    3    0    1   11  734    5    0    0    0    0    0    0    2    0    1    2    8    0
A B    0    2    0    0    1    0    1    0    0    0    1    0    1  735    6    0   11    0    0    0    2    0    0    0    1    5
A V    1    0    1    0    1    0    0    1    0    0    2    1    0   16  735    0    0    0    1    5    0    0    0    0    0    0
A L    0    0    0    0    0    0    2    0    0    1    0    3    4    0    0  743    4    0    0    0    0    1    1    0    0    2
A R    0    3    0    0    0    0    0    0    0    6    0    0    0   25    2    2  709    0    0    0    0    0    7    0    0    4
A I    0    1    0    0    0    0    1    0    0    1    1    0    0    0    0    1    0  730    0    0    0   19    0    1    0    0
A O    3   17    0    0    0    0    0    0    7    0    0    0    0    1    0    0    0    0  720    2    0    0    0    3    0    0
A W    2    0    0    0    5    0    0    0    0    0    0    0    0    0    2    0    1    0    3  738    0    0    1    0    0    0
A S    1    0    0    1    0    0    0    0    0    0    1    0    2    4    0    0    3    0    0    0  734    0    0    0    1    1
A J    1    0    0    0    0    1    2    0    1    1    1    0    1    0    0    1    0   38    1    0    0  696    0    0    1    2
A K    1    4    0    0    0    0   20    0    0    0    0    0   11    3    0    0   15    0    0    0    0    0  662    0    0   23
A C    1    0    0    1    0    0    1    0    1    0    0    8    7    0    1    2    0    0   12    2    0    0    0  700    0    0
A Z    0    0    0    0    0    0    1    0    9    0    0    0    3    0    0    0    0    0    0    0    2    1    0    0  718    0
A H    1   25    0    1    1    0    1    1    2    1    0    6    1   11    1    0   22    0    8    1    1    0   21    0    1  628

Totals: 
Overall Accuracy:  0.13629285714285713
Individual accuracies:  [0.9501, 0.95975, 0.95545, 0.95835, 0.95545, 0.95575, 0.95405]
Average accuracy:  0.9555571428571428

Overall Matrix of: KNN - K = 9
     C U  C D  C P  C T  C M  C A  C X  C Y  C Q  C N  C F  C G  C E  C B  C V  C L  C R  C I  C O  C W  C S  C J  C K  C C  C Z  C H
A U  796    1    0    0    3    3    1    0    0    0    0    0    0    1    1    0    0    0    1    0    0    0    0    1    0    5
A D    0  782    0    0    0    1    2    0    1    3    0    0    0    4    0    0    0    0    4    0    1    0    0    0    0    7
A P    0    3  749    0    0    0    0    3    1    0   33    1    0    4    1    1    3    0    1    0    0    0    0    0    0    3
A T    0    3    0  768    0    0    2   14    0    1    0    0    0    3    1    0    1    0    0    0    0    0    0    1    0    2
A M    0    0    0    0  764    1    0    0    0    7    0    1    0    7    6    0    0    0    1    5    0    0    0    0    0    0
A A    1    0    0    0    3  779    0    2    0    0    0    0    0    0    0    1    1    0    0    0    0    0    0    2    0    0
A X    2    3    0    1    0    2  753    0    2    0    1    0    6    1    0    0    2    1    0    0    4    0    9    0    0    0
A Y    2    0    1    7    0    1    1  769    1    0    0    0    0    1    3    0    0    0    0    0    0    0    0    0    0    0
A Q    0    1    1    0    0    3    0    2  746    0    0    1    0    0    0    0    2    0   27    0    0    0    0    0    0    0
A N    0   10    0    0    2    1    0    0    0  745    0    0    0    3    3    0    8    0    6    0    0    0    0    0    0    5
A F    0    3   17   16    0    0    0    1    0    4  723    0    0    2    2    0    0    2    0    1    1    2    0    0    0    1
A G    0   10    0    0    1    0    3    0    1    0    0  723    9    8    2    0    1    0    5    2    2    0    0    2    0    4
A E    0    0    0    1    0    0    2    0    3    0    2   12  727    5    1    0    0    0    0    0    1    0    0    5    9    0
A B    1    2    0    0    1    0    1    0    0    0    1    0    4  733    6    0   10    0    0    0    2    0    0    0    1    4
A V    1    0    1    0    1    0    0    0    0    0    3    1    0   18  733    0    0    0    1    5    0    0    0    0    0    0
A L    0    0    1    0    0    0    1    0    0    1    0    2    4    0    0  741    8    0    0    0    0    1    1    0    0    1
A R    0    5    0    0    0    0    0    0    0    4    0    0    1   17    3    2  715    0    0    0    0    0    5    0    0    6
A I    0    2    0    0    0    0    0    0    0    0    1    0    0    0    0    1    0  723    0    0    0   27    1    0    0    0
A O    2   14    0    0    0    0    0    0    5    0    0    0    0    1    1    0    0    0  725    2    0    0    0    3    0    0
A W    2    0    0    0    3    0    0    0    0    0    0    0    0    1    2    0    1    0    3  739    0    0    0    0    0    1
A S    1    0    0    1    0    0    0    0    0    0    1    0    4    4    0    0    2    0    0    0  731    0    0    0    4    0
A J    1    0    0    0    0    2    2    0    1    1    1    0    1    0    0    2    0   39    1    0    0  693    0    0    1    2
A K    3    4    0    0    0    0   24    0    0    0    0    0   10    3    0    1   14    0    0    1    0    0  657    0    0   22
A C    1    0    0    1    0    0    1    0    1    0    0    5    5    0    2    2    0    0   11    1    0    0    0  706    0    0
A Z    0    0    0    0    0    0    1    0    9    0    0    0    4    0    0    0    0    0    0    0    1    1    0    0  718    0
A H    1   26    0    0    1    0    0    1    1    2    0    4    1   13    1    0   21    0    6    0    1    0   21    0    1  633

Totals: 
Overall Accuracy:  0.11919375
Individual accuracies:  [0.9501, 0.95975, 0.95545, 0.95835, 0.95545, 0.95575, 0.95405, 0.95355]
Average accuracy:  0.9553062499999999
